Original Features (data1):
[[-3.6007193e+02 -3.4344473e+02 -3.5745621e+02 ... -8.3386871e+02
  -8.3386871e+02 -8.3386871e+02]
 [ 1.1571356e+02  1.2688877e+02  1.5504575e+02 ...  0.0000000e+00
   0.0000000e+00  0.0000000e+00]
 [-1.6644039e+01 -2.6416510e+01 -4.2602150e+01 ...  0.0000000e+00
   0.0000000e+00  0.0000000e+00]
 ...
 [-2.7466285e+00 -7.7663321e+00 -1.0430000e+01 ...  0.0000000e+00
   0.0000000e+00  0.0000000e+00]
 [-5.2466893e+00 -4.7762008e+00 -3.4213912e-01 ...  0.0000000e+00
   0.0000000e+00  0.0000000e+00]
 [ 5.5712789e-01  1.0473677e+00 -5.0181837e+00 ...  0.0000000e+00
   0.0000000e+00  0.0000000e+00]]

Scaled Features (data1_scaled):
[[-1.         -1.         -1.         ... -1.         -1.
  -1.        ]
 [ 1.          1.0000001   1.         ...  0.9999999   0.9999999
   0.9999999 ]
 [ 0.4436249   0.34809977  0.22869408 ...  0.9999999   0.9999999
   0.9999999 ]
 ...
 [ 0.5020437   0.42740595  0.35424346 ...  0.9999999   0.9999999
   0.9999999 ]
 [ 0.49153453  0.4401209   0.39361057 ...  0.9999999   0.9999999
   0.9999999 ]
 [ 0.5159313   0.46488446  0.37536266 ...  0.9999999   0.9999999
   0.9999999 ]]
